2.975870370864868164e-01
-1.078861832618713379e+00
-7.272666692733764648e-01
-2.272721081972122192e-01
7.251152992248535156e-01
7.767202854156494141e-01
-1.532179713249206543e+00
1.517752289772033691e+00
7.139516472816467285e-01
-8.910376429557800293e-01
3.530174493789672852e-01
-5.733590126037597656e-01
1.042183995246887207e+00
1.564538598060607910e+00
-3.582542762160301208e-02
-4.662683308124542236e-01
4.258287698030471802e-02
1.720256805419921875e+00
-1.057308554649353027e+00
-6.067443490028381348e-01
-6.423765327781438828e-03
4.895298182964324951e-02
-1.629289865493774414e+00
7.551690936088562012e-01
1.045502349734306335e-01
-3.168875873088836670e-01
4.138153791427612305e-01
-5.237953662872314453e-01
-1.054675430059432983e-01
-1.345830678939819336e+00
4.965957999229431152e-01
-9.147185832262039185e-03
1.390919208526611328e+00
2.877222001552581787e-01
4.185778275132179260e-02
1.961871795356273651e-02
7.762072086334228516e-01
2.139237642288208008e+00
1.169134378433227539e+00
3.526395261287689209e-01
8.136187493801116943e-02
3.583452701568603516e-01
5.357253551483154297e-01
-1.373502016067504883e+00
3.509515225887298584e-01
-3.423629701137542725e-01
5.223799347877502441e-01
4.181334078311920166e-01
2.656738758087158203e-01
6.375720500946044922e-01
1.012425422668457031e+00
5.673000216484069824e-01
1.538937091827392578e-01
1.263133168220520020e+00
-1.153233766555786133e+00
2.923877537250518799e-01
4.711427539587020874e-02
3.066574037075042725e-02
-9.572136998176574707e-01
2.311554104089736938e-01
-7.521713376045227051e-01
-7.514587640762329102e-01
4.766022264957427979e-01
-3.673513531684875488e-01
-3.582507371902465820e-01
1.650064289569854736e-01
3.354110419750213623e-01
-6.596021056175231934e-01
2.607345819473266602e+00
-1.480539679527282715e+00
6.440107226371765137e-01
8.664579391479492188e-01
1.092329502105712891e+00
1.068010091781616211e+00
-7.409693598747253418e-01
-2.054694294929504395e-01
8.168223500251770020e-01
-1.010216355323791504e+00
-3.036798834800720215e-01
-2.385798931121826172e+00
1.132403969764709473e+00
-1.121849775314331055e+00
4.047935009002685547e-01
-1.117146730422973633e+00
6.417715549468994141e-01
6.015207171440124512e-01
-1.258476138114929199e+00
-1.434161067008972168e+00
-2.108529657125473022e-01
-2.117442131042480469e+00
-2.328786253929138184e-02
9.379607439041137695e-01
1.916180372238159180e+00
-1.142204761505126953e+00
1.472504734992980957e+00
-4.325074553489685059e-01
-1.245869755744934082e+00
9.885726496577262878e-03
5.768028497695922852e-01
2.141462564468383789e+00
-5.544770956039428711e-01
-5.118341445922851562e-01
-1.467099308967590332e+00
-4.657512903213500977e-01
-7.935753464698791504e-01
-7.929198741912841797e-01
7.281458973884582520e-01
-1.074891567230224609e+00
-3.059660792350769043e-01
3.341621160507202148e-01
-3.366737812757492065e-02
1.327882647514343262e+00
-5.160185694694519043e-01
-1.435774922370910645e+00
1.287585854530334473e+00
7.544806599617004395e-01
-4.994889795780181885e-01
9.021239876747131348e-01
-3.925734460353851318e-01
7.690809369087219238e-01
7.123126983642578125e-01
2.653519809246063232e-01
-8.251724839210510254e-01
5.684936642646789551e-01
-1.288007378578186035e+00
6.253212094306945801e-01
-1.460052132606506348e-01
-4.568104445934295654e-01
