-4.326338768005371094e-01
-3.650357425212860107e-01
-4.901834726333618164e-01
-1.389288604259490967e-01
1.450781583786010742e+00
-3.322065770626068115e-01
4.731099605560302734e-01
-1.360909581184387207e+00
-4.301313161849975586e-01
-1.315471172332763672e+00
-8.446182608604431152e-01
-1.014855742454528809e+00
-4.009366333484649658e-01
-8.064984679222106934e-01
-6.286756396293640137e-01
3.780460059642791748e-01
-4.085589051246643066e-01
-5.353963375091552734e-01
1.865555346012115479e-01
-1.510286808013916016e+00
-6.668722033500671387e-01
-3.939360380172729492e-02
-2.343697845935821533e-01
2.558073699474334717e-01
-7.071231603622436523e-01
-2.208530455827713013e-01
-1.357863068580627441e+00
3.510544896125793457e-01
3.816246688365936279e-01
2.641527354717254639e-01
-5.097506642341613770e-01
1.857958197593688965e+00
-1.917748451232910156e-01
1.680950880050659180e+00
-8.891984820365905762e-01
-8.465676903724670410e-01
5.796666741371154785e-01
-6.302495598793029785e-01
6.473659873008728027e-01
-5.699752569198608398e-01
4.752267599105834961e-01
-3.776605427265167236e-01
-7.088766992092132568e-02
-6.546580195426940918e-01
-9.646629691123962402e-01
-3.511305749416351318e-01
1.927291512489318848e+00
-2.721139192581176758e-01
-6.176202893257141113e-01
-2.208305597305297852e-01
-1.544641137123107910e+00
-1.997917294502258301e+00
1.751606941223144531e+00
-3.825173676013946533e-01
8.291901946067810059e-01
6.167308092117309570e-01
7.377048134803771973e-01
-5.183494687080383301e-01
2.092058420181274414e+00
5.949702262878417969e-01
-1.070748686790466309e+00
-1.418609499931335449e+00
5.576354265213012695e-01
8.277394175529479980e-01
5.764534473419189453e-01
-2.642361521720886230e-01
-1.487539410591125488e+00
9.910455346107482910e-01
1.605990886688232422e+00
-2.120150804519653320e+00
-1.318550348281860352e+00
-3.185498118400573730e-01
2.361168116331100464e-01
-2.079927921295166016e+00
-1.053481221199035645e+00
-7.534549236297607422e-01
2.030926704406738281e+00
1.334955573081970215e+00
2.963418364524841309e-01
-3.932785689830780029e-01
7.918978929519653320e-01
1.468945980072021484e+00
-1.445344448089599609e+00
-7.284110188484191895e-01
1.475968718528747559e+00
1.750175356864929199e+00
5.751911997795104980e-01
4.518327116966247559e-01
6.017948389053344727e-01
1.016405105590820312e+00
-8.779219388961791992e-01
-1.095348238945007324e+00
-5.292233228683471680e-01
1.168685913085937500e+00
8.205204606056213379e-01
6.581344604492187500e-01
-1.738561242818832397e-01
-1.010638117790222168e+00
-1.431026905775070190e-01
-1.361984729766845703e+00
-1.206611990928649902e+00
6.496550142765045166e-02
-3.950668275356292725e-01
-1.111601591110229492e+00
-3.336232900619506836e-01
-5.218625664710998535e-01
7.053676843643188477e-01
2.155107021331787109e+00
-5.240779519081115723e-01
-1.531896710395812988e+00
-8.572811484336853027e-01
-1.222437143325805664e+00
-9.396176785230636597e-02
-1.852306127548217773e+00
-2.312489151954650879e-01
1.572475790977478027e+00
-3.151301145553588867e-01
1.345724105834960938e+00
-2.133251875638961792e-01
2.723571658134460449e-01
-8.519507050514221191e-01
7.073440551757812500e-01
1.138496756553649902e+00
-6.957187652587890625e-01
-2.915742993354797363e-01
5.994074344635009766e-01
-8.810951113700866699e-01
-1.372138857841491699e+00
